5 5 25
624
13.546800008043647
91 94 39 502 491 96 41 618 519 98 43 600 607 100 45 544 591 102 47 546 551 104 49 108 549
38 487 92 95 40 625 518 97 42 619 606 99 44 599 604 101 46 545 586 103 48 547 550 105 50
93 90 501 490 503 492 617 624 621 520 601 608 605 596 543 590 585 592 559 562 571 552 107 548 109
488 37 486 493 614 499 622 517 616 609 620 521 580 603 598 595 560 589 572 587 558 563 556 51 106
89 494 489 500 1 504 615 610 623 514 537 602 597 542 579 582 593 584 561 570 573 394 553 110 555
36 429 88 485 498 613 2 505 516 611 522 513 538 581 594 541 578 575 588 531 566 557 564 393 52
87 418 495 430 433 484 497 612 3 506 515 536 523 512 539 576 583 530 567 574 569 528 395 554 111
416 35 428 419 496 431 434 483 464 475 4 507 480 535 524 511 540 577 532 529 450 565 390 53 392
351 86 417 432 427 422 465 438 473 482 471 476 5 508 479 534 525 510 451 568 527 396 449 112 381
34 415 352 423 420 437 426 435 466 463 474 481 470 477 6 509 452 533 526 397 448 389 380 391 54
85 350 337 414 353 424 421 462 439 472 467 460 457 444 469 478 7 400 447 386 379 398 161 382 113
314 33 354 349 338 413 436 425 410 461 440 407 468 459 456 403 446 453 8 399 388 385 168 55 160
301 84 315 336 355 348 367 412 441 370 409 458 443 406 445 454 401 376 387 378 9 162 383 114 167
32 313 302 339 316 335 356 347 368 411 442 371 408 455 402 375 404 327 262 185 384 169 10 159 56
83 300 285 312 303 340 317 366 357 346 369 364 361 372 405 328 263 374 377 236 163 184 115 166 11
284 31 304 299 292 311 334 341 318 365 358 345 324 363 360 373 326 237 186 261 170 165 158 57 116
249 82 283 286 305 298 319 310 333 342 323 362 359 344 325 264 329 260 235 164 183 128 171 12 157
30 281 250 293 276 291 306 297 320 309 332 343 322 265 330 259 234 203 238 187 210 153 156 117 58
81 248 271 282 287 294 275 290 307 296 321 266 331 258 233 202 239 212 209 182 129 172 127 154 13
226 29 280 251 272 277 288 295 274 267 308 257 232 201 240 213 204 181 188 211 152 155 130 59 118
247 80 227 270 279 252 273 268 289 256 231 196 241 214 205 180 189 208 149 138 173 126 151 14 123
28 225 246 253 228 269 278 255 230 195 242 215 200 179 190 207 148 137 174 143 150 131 124 119 60
79 220 77 224 245 254 229 194 243 216 197 178 191 206 147 136 175 144 139 132 125 142 63 122 15
76 27 222 219 74 25 244 217 72 23 192 199 70 21 176 145 68 19 134 141 66 17 120 61 64
221 78 75 26 223 218 73 24 193 198 71 22 177 146 69 20 135 140 67 18 133 62 65 16 121