5 19 25
744697200.0
3600005.4000061937
-1 474 531 426 443 364 395 334 243 268 299 204 215 144 173 -1 133 142 107 72 59 54 33 24 -1
532 427 444 441 396 425 -1 363 300 333 242 267 174 203 214 143 108 73 132 61 56 25 58 53 32
475 446 473 530 423 442 365 394 335 244 269 298 205 216 145 172 141 134 137 106 71 60 55 34 23
-1 533 428 445 440 397 424 337 362 301 332 241 266 175 202 213 136 109 74 131 62 57 26 31 52
-1 476 447 472 529 422 339 366 393 336 245 270 297 206 217 146 171 140 135 138 105 70 51 22 35
534 501 528 429 420 439 398 391 338 361 302 331 240 265 176 201 212 127 110 75 130 63 36 27 30
-1 578 477 448 471 400 421 340 367 392 329 246 271 296 207 218 147 170 139 128 69 104 29 50 21
502 535 500 527 430 419 438 399 390 327 360 303 330 239 264 177 200 211 126 111 76 129 64 37 28
579 554 577 478 449 470 401 388 341 368 305 328 247 272 295 208 219 148 169 78 103 68 39 20 49
-1 503 536 499 526 431 418 437 370 389 326 359 304 293 238 263 178 199 210 125 112 77 48 65 38
555 580 553 576 479 450 469 402 387 342 369 306 291 248 273 294 209 220 149 168 79 102 67 40 19
-1 -1 504 537 498 525 432 417 436 371 308 325 358 275 292 237 262 179 198 81 124 113 42 47 66
581 556 575 552 -1 480 451 468 403 386 343 356 307 290 249 274 181 196 221 150 167 80 101 18 41
-1 591 582 505 538 497 524 433 416 435 372 309 324 357 276 261 236 223 180 197 82 123 114 43 46
583 574 557 540 551 -1 481 452 467 404 385 344 355 278 289 250 225 182 195 222 151 166 45 100 17
592 559 590 549 506 539 496 523 434 415 354 373 310 323 312 277 260 235 224 153 122 83 98 115 44
589 584 573 558 541 550 521 482 453 466 405 384 345 314 279 288 251 226 183 194 165 152 117 16 99
-1 593 560 543 548 507 484 495 522 407 414 353 374 311 322 313 234 259 192 163 154 121 84 97 116
605 588 585 572 1 542 545 520 483 454 465 406 383 346 315 280 287 252 227 184 193 164 95 118 15
586 597 594 561 544 547 508 485 494 463 408 413 352 375 286 321 258 233 186 191 162 155 120 85 96
-1 604 587 596 571 2 487 546 519 410 455 464 377 382 347 316 281 188 253 228 185 94 87 14 119
598 595 570 -1 562 513 518 509 486 493 462 409 412 351 376 285 320 257 232 187 190 161 156 91 86
603 -1 601 564 567 510 3 488 515 490 411 456 459 378 381 348 317 282 189 254 229 158 93 88 13
-1 599 566 569 512 563 514 517 492 5 458 461 380 7 350 319 284 9 256 231 160 11 90 157 92
-1 602 -1 600 565 568 511 4 489 516 491 6 457 460 379 8 349 318 283 10 255 230 159 12 89