1 7 25
698060400.0
3600002.8800219297
-1 446 485 528 417 382 483 354 325 284 315 264 187 158 223 102 87 -1 123 54 85 44 29 52 -1
486 529 418 445 484 355 416 383 316 353 326 283 224 263 186 157 124 101 86 83 122 53 50 43 28
-1 520 447 480 527 384 381 482 327 324 285 314 265 188 159 222 103 88 121 90 55 84 45 30 51
-1 487 530 419 444 481 356 415 352 317 312 267 282 225 262 185 156 125 100 57 82 49 32 27 42
521 532 519 448 479 526 385 380 319 328 323 286 313 266 189 160 221 104 89 120 91 56 41 46 31
-1 561 488 531 420 443 414 357 330 351 318 311 268 281 226 261 184 155 126 99 58 81 48 33 26
1 522 533 518 449 478 525 386 379 320 329 322 287 228 259 190 161 220 105 60 119 92 35 40 47
562 539 560 489 524 421 442 413 358 331 350 289 310 269 280 227 260 183 154 127 98 59 80 25 34
-1 2 523 534 517 450 477 -1 387 378 321 308 271 288 229 258 191 162 219 106 61 118 93 36 39
540 563 538 559 490 475 422 441 412 359 332 349 290 309 270 279 218 231 182 153 128 97 38 79 24
-1 -1 3 492 535 516 451 476 361 388 377 292 307 272 257 230 233 192 163 130 107 62 117 94 37
596 541 564 537 558 491 474 423 440 411 360 333 348 291 278 235 194 217 232 181 152 129 96 23 78
-1 566 597 4 493 536 515 452 409 362 389 376 293 306 273 256 215 234 193 164 131 108 63 116 95
598 595 542 565 514 557 454 473 424 439 410 347 334 275 254 277 236 195 216 133 180 151 114 77 22
-1 -1 567 556 5 494 471 438 453 408 363 390 375 294 305 274 255 214 179 150 165 132 109 64 115
-1 599 594 543 496 513 -1 455 472 425 392 373 346 335 276 253 212 237 196 167 134 113 66 21 76
593 590 555 568 511 6 495 470 437 394 407 364 391 374 295 304 239 198 213 178 149 166 75 110 65
600 -1 570 591 544 497 512 435 456 405 426 393 372 345 336 241 252 211 238 197 168 135 112 67 20
589 592 -1 554 569 510 7 458 469 436 395 406 365 338 243 296 303 240 199 170 177 148 69 74 111
-1 585 552 571 508 545 498 467 434 457 404 427 344 371 302 337 242 251 210 203 146 169 136 19 68
-1 588 573 584 553 500 509 8 459 468 429 396 399 366 339 244 297 246 205 200 171 176 147 70 73
-1 -1 586 551 572 507 546 499 466 433 398 403 428 343 370 301 250 209 202 175 204 145 72 137 18
587 580 583 574 577 548 501 504 9 460 463 430 397 400 367 340 245 298 247 206 201 172 139 142 71
582 -1 576 579 550 503 506 547 462 465 432 11 402 369 342 13 300 249 208 15 174 141 144 17 138
-1 -1 581 -1 575 578 549 502 505 10 461 464 431 12 401 368 341 14 299 248 207 16 173 140 143