5 5 25
643270800.0
3600002.879987005
593 -1 507 -1 437 468 363 392 333 306 281 248 201 234 117 174 139 114 79 52 75 28 45 50 -1
508 505 438 469 364 393 436 307 282 249 334 235 280 175 200 233 116 173 140 113 78 51 76 27 44
-1 592 471 506 467 434 391 362 335 332 305 228 247 202 231 118 141 138 115 80 53 74 29 46 49
-1 509 504 439 470 365 394 435 308 283 250 279 236 229 176 199 232 109 172 55 112 77 48 43 26
-1 532 591 472 1 466 433 390 361 336 331 304 227 246 203 230 119 142 137 110 81 54 73 30 47
510 -1 474 503 440 431 366 395 338 309 284 251 278 237 198 177 144 171 108 83 56 111 32 25 42
533 590 531 -1 473 2 465 432 389 360 337 330 303 226 245 204 169 120 143 136 69 82 41 72 31
-1 511 -1 475 502 441 430 367 396 339 310 285 252 277 238 197 178 145 170 107 84 57 70 33 24
-1 534 589 530 -1 464 3 398 341 388 359 302 329 240 225 244 205 168 121 86 135 68 35 40 71
-1 -1 512 555 476 501 442 429 368 397 340 311 286 253 276 239 196 179 146 133 106 85 58 23 34
553 588 535 478 529 444 463 4 399 342 387 358 301 328 241 224 243 206 167 122 87 134 67 36 39
-1 -1 554 513 556 477 500 443 428 369 356 327 312 287 254 275 208 195 180 147 132 105 38 59 22
587 552 557 536 479 528 445 462 5 400 343 386 357 300 273 242 223 182 207 166 123 88 61 66 37
-1 559 586 527 514 447 460 499 402 427 370 355 326 313 288 255 274 209 194 181 148 131 104 21 60
-1 -1 551 558 537 480 497 446 461 6 401 344 385 290 299 272 211 222 183 150 165 124 89 62 65
-1 585 560 539 526 515 448 459 498 403 426 371 354 325 314 289 256 193 210 163 130 149 64 103 20
-1 562 541 550 517 538 481 496 405 424 7 384 345 316 291 298 271 212 221 184 151 164 125 90 63
-1 -1 584 561 540 525 516 449 458 451 404 425 372 353 324 315 214 257 192 153 162 129 92 19 102
-1 576 563 542 549 518 495 482 453 406 423 8 383 346 317 292 297 270 213 220 185 152 101 126 91
574 583 548 577 524 493 484 455 450 457 452 381 352 373 296 323 268 215 258 191 154 161 128 93 18
-1 -1 575 564 543 486 519 494 483 454 407 422 9 382 347 318 293 260 269 156 219 186 95 100 127
582 573 578 547 568 523 492 485 456 421 416 411 380 351 374 295 322 267 216 259 190 155 160 17 94
579 -1 581 570 565 544 487 520 489 418 413 408 375 10 377 348 319 294 261 264 157 218 187 96 99
-1 -1 572 567 546 569 522 491 420 415 410 417 412 379 350 321 12 263 266 217 14 189 98 159 16
-1 580 -1 -1 571 566 545 488 521 490 419 414 409 376 11 378 349 320 13 262 265 158 15 188 97