8 7 25
660766800.0
3600002.400018275
486 -1 428 457 394 315 340 373 284 313 254 179 200 235 160 165 126 93 -1 47 -1 33 64 45 26
429 458 485 -1 427 374 393 314 339 372 283 236 253 178 199 94 159 164 125 62 65 46 27 32 -1
-1 487 456 425 376 395 316 341 370 285 312 255 180 201 234 161 166 127 92 67 48 63 34 25 44
489 430 459 484 397 426 375 392 287 338 371 282 237 252 177 198 95 158 163 124 61 66 43 28 31
-1 513 488 455 424 377 396 317 342 369 286 311 256 181 202 233 162 167 128 91 68 49 30 35 24
-1 490 431 460 483 398 391 344 367 288 337 258 281 238 251 176 197 96 157 70 123 60 37 42 29
514 529 512 481 454 423 378 1 318 343 368 279 310 257 182 203 232 155 168 129 90 69 50 23 36
-1 578 491 432 461 482 399 390 345 366 289 336 259 280 239 250 175 196 97 156 71 122 59 38 41
530 515 528 511 480 453 422 379 2 319 334 309 278 241 228 183 204 231 154 169 130 89 40 51 22
579 554 577 492 433 462 381 400 389 346 365 290 335 260 249 240 229 174 195 98 121 72 53 58 39
-1 531 516 527 510 479 452 421 380 3 320 333 308 277 242 227 184 205 230 153 170 131 88 21 52
555 580 553 576 493 434 463 382 401 388 347 364 291 244 261 248 207 194 173 132 99 120 73 54 57
574 -1 532 517 526 509 478 451 420 363 4 321 332 307 276 243 226 185 206 101 152 171 56 87 20
581 556 575 552 507 494 435 464 383 402 387 348 305 292 245 262 247 208 193 172 133 100 119 74 55
-1 573 -1 533 518 525 508 477 450 419 362 5 322 331 306 275 210 225 186 135 102 151 76 19 86
-1 582 557 520 551 506 495 436 465 384 403 386 349 304 293 246 263 192 209 150 115 134 85 118 75
584 -1 572 -1 534 519 524 467 476 449 418 361 6 323 330 265 274 211 224 187 136 103 116 77 18
-1 -1 583 558 521 550 505 496 437 466 385 404 325 350 303 294 213 264 191 138 149 114 79 84 117
-1 585 -1 571 548 535 498 523 468 475 448 417 360 7 324 329 266 273 212 223 188 137 104 17 78
-1 -1 569 546 559 522 549 504 497 438 415 358 405 326 351 302 295 214 221 190 139 148 113 80 83
-1 -1 586 561 570 547 536 499 440 469 474 447 416 359 8 297 328 267 272 141 222 189 82 105 16
595 -1 591 568 545 560 503 540 473 446 439 414 357 406 327 352 301 296 215 220 147 140 107 112 81
592 587 594 589 562 565 542 537 500 441 470 443 408 411 354 9 298 217 268 271 142 109 144 15 106
-1 590 -1 564 567 544 539 502 541 472 445 410 413 356 407 300 353 270 11 216 219 146 13 108 111
-1 593 588 -1 -1 563 566 543 538 501 442 471 444 409 412 355 10 299 218 269 12 143 110 145 14