2 5 15
223
4.7673000080976635
34 31 170 187 172 29 216 199 214 27 218 151 20 25 22
169 138 33 30 193 186 195 28 217 -1 213 26 23 150 19
32 35 184 171 188 173 200 215 198 211 202 219 152 21 24
139 168 137 192 185 194 189 196 201 220 223 212 203 18 149
36 1 140 183 174 191 162 181 222 197 210 179 224 153 204
103 134 167 136 141 182 175 190 161 180 221 206 209 148 17
2 37 104 133 166 129 142 163 176 207 158 147 178 205 154
67 102 135 98 105 132 165 160 143 124 177 208 157 16 111
38 3 68 101 130 99 128 121 164 159 146 119 112 155 114
57 66 55 64 97 106 131 144 125 120 123 156 115 110 15
4 39 58 69 100 127 96 107 122 145 118 109 90 113 82
47 56 65 54 63 70 87 126 95 108 89 116 83 14 75
40 5 48 59 44 53 62 71 88 117 94 91 76 81 78
49 46 7 42 51 60 9 86 93 72 11 84 79 74 13
6 41 50 45 8 43 52 61 10 85 92 73 12 77 80