4 5 15
748376400.0
3600005.0400034525
164 -1 150 137 118 -1 60 95 80 41 58 31 16 39 -1
185 138 163 120 149 96 117 82 59 -1 79 40 37 30 15
-1 165 184 151 136 119 94 61 78 81 42 57 32 17 38
-1 186 139 162 121 148 97 116 83 44 63 36 19 14 29
-1 183 166 1 152 135 114 93 62 77 56 43 28 33 18
-1 168 187 140 161 122 147 98 115 84 45 64 35 20 13
-1 189 182 167 2 153 134 113 92 47 76 55 22 27 34
207 -1 169 188 141 160 123 146 99 74 85 46 65 12 21
-1 -1 190 181 124 3 154 133 112 91 48 75 54 23 26
-1 206 179 170 155 142 159 110 145 100 73 86 25 66 11
-1 191 -1 205 180 125 4 143 132 111 90 49 68 53 24
-1 204 195 178 171 156 131 158 109 144 101 72 87 10 67
-1 201 192 173 198 175 126 5 128 103 106 89 50 69 52
203 194 199 196 177 172 157 130 105 108 7 102 71 88 9
200 -1 202 193 174 197 176 127 6 129 104 107 8 51 70