2 5 15
832137600.0
3600000.360002741
-1 163 114 145 132 99 92 -1 74 97 50 45 26 17 -1
-1 182 133 164 113 146 75 98 91 52 47 18 49 44 25
-1 165 162 115 144 131 100 93 96 73 88 51 46 27 16
183 160 181 134 147 112 95 76 87 90 53 48 19 24 43
-1 1 166 161 116 143 130 101 94 55 72 89 42 15 28
-1 184 159 180 135 148 111 86 77 70 79 54 29 20 23
-1 -1 2 167 150 117 142 129 102 81 56 71 22 41 14
199 196 185 158 179 136 149 110 85 78 69 80 39 30 21
194 -1 198 3 168 151 118 141 128 103 82 57 32 13 40
197 200 195 186 157 178 137 126 109 84 59 68 61 38 31
-1 193 188 177 4 169 152 119 140 127 104 83 58 33 12
-1 190 201 208 187 156 173 138 125 108 67 60 35 62 37
192 207 204 189 176 5 170 153 120 139 122 105 64 11 34
-1 -1 191 202 205 172 155 174 7 124 107 66 9 36 63
-1 203 206 -1 -1 175 6 171 154 121 8 123 106 65 10