4 7 15
683572800.0
3600021.4799889363
176 161 -1 151 128 113 124 87 68 39 64 15 32 37 -1
-1 -1 175 114 125 150 127 112 -1 86 67 38 65 14 31
162 177 160 149 152 129 110 123 88 69 40 63 16 33 36
179 -1 -1 174 115 126 121 90 111 42 85 66 35 30 13
-1 163 178 159 148 153 130 109 122 89 70 41 62 17 34
-1 180 173 -1 131 116 107 120 91 72 43 84 19 12 29
-1 -1 164 1 158 147 154 93 108 83 58 71 28 61 18
-1 166 181 172 -1 132 117 106 119 92 73 44 59 20 11
-1 -1 -1 165 2 157 146 155 94 75 82 57 22 27 60
-1 194 167 182 171 144 133 118 105 98 55 74 45 10 21
-1 -1 -1 -1 134 3 156 145 100 95 76 81 56 23 26
-1 -1 193 168 183 170 143 104 97 80 99 54 25 46 9
192 -1 190 185 188 135 4 137 140 101 96 77 48 51 24
-1 -1 187 -1 169 184 139 142 103 6 79 50 53 8 47
-1 191 -1 189 186 -1 136 5 138 141 102 7 78 49 52