8 7 15
748647600.0
3600008.400029037
184 169 -1 145 124 105 120 85 66 37 62 13 30 35 -1
-1 152 183 106 121 144 123 104 -1 84 65 36 63 12 29
170 185 168 143 146 125 102 119 86 67 38 61 14 31 34
153 -1 151 182 107 122 117 88 103 40 83 64 33 28 11
-1 171 186 167 142 147 126 101 118 87 68 39 60 15 32
-1 154 181 150 127 108 99 116 89 70 41 82 17 10 27
-1 195 172 187 166 141 148 1 100 81 56 69 26 59 16
197 188 155 180 149 128 109 98 115 90 71 42 57 18 9
194 -1 196 173 130 165 140 91 2 73 80 55 20 25 58
189 198 179 156 163 138 129 110 97 114 53 72 43 8 19
206 193 204 199 174 131 164 139 92 3 74 79 54 21 24
-1 190 207 178 157 162 137 96 111 78 113 52 23 44 7
192 205 200 203 -1 175 132 159 134 93 4 75 46 49 22
201 -1 191 208 177 158 161 136 95 112 77 48 51 6 45
-1 209 202 -1 -1 -1 176 133 160 135 94 5 76 47 50