8 7 15
221
4.155500006163493
62 65 160 19 216 69 222 21 -1 71 174 23 176 73 172
159 18 63 66 207 20 215 70 219 22 183 72 173 24 177
64 61 192 161 68 217 208 221 210 -1 202 175 182 171 74
17 158 67 206 191 214 211 218 201 220 169 184 143 178 25
60 193 162 189 212 205 200 209 -1 203 198 181 170 75 142
155 16 157 194 163 190 213 204 199 168 185 144 179 26 29
120 59 154 149 188 195 164 1 186 197 180 167 28 141 76
15 156 121 118 153 150 187 196 165 2 145 140 77 30 27
58 119 116 151 148 135 126 131 146 139 166 3 86 41 78
101 14 109 122 117 152 147 136 125 130 87 138 89 4 31
110 57 102 115 134 123 106 127 132 137 90 85 40 79 42
13 100 111 108 103 114 133 124 105 84 129 88 43 32 5
56 95 54 99 112 107 104 83 128 91 48 35 80 39 44
53 12 97 94 51 10 113 92 49 8 81 46 37 6 33
96 55 52 11 98 93 50 9 82 47 36 7 34 45 38