4 7 15
223
4.129800014197826
158 141 144 29 156 147 118 27 116 183 120 25 114 111 122
143 30 157 148 145 28 213 182 119 26 115 184 121 24 113
140 159 142 155 212 161 146 117 -1 193 186 195 112 123 110
31 154 149 160 151 220 211 214 181 202 223 192 185 188 23
136 139 152 173 162 209 180 221 224 215 194 187 196 109 124
153 32 137 150 179 176 219 210 203 222 201 216 191 22 189
138 135 172 1 174 163 208 177 218 165 204 197 200 125 108
33 2 51 134 169 178 175 164 205 198 217 130 105 190 21
52 47 34 171 72 133 168 207 166 131 104 199 126 107 96
3 40 53 50 81 170 73 132 101 206 129 106 97 20 127
46 35 48 41 74 71 82 167 88 85 100 103 128 95 64
39 4 45 54 49 80 75 86 83 102 89 94 63 98 19
36 7 38 11 42 57 70 79 76 87 84 99 90 65 62
5 12 9 44 55 14 77 58 69 16 93 60 67 18 91
8 37 6 13 10 43 56 15 78 59 68 17 92 61 66