1 5 15
224
4.149100001086481
103 36 105 100 225 34 107 188 179 32 109 182 25 30 27
98 39 102 35 106 209 224 33 108 187 180 31 28 111 24
37 104 99 218 101 222 189 186 207 178 183 110 181 26 29
40 97 38 165 210 219 208 223 190 185 194 177 116 23 112
1 88 217 96 221 166 213 206 195 204 147 184 113 176 115
94 41 164 89 214 211 220 203 172 191 174 193 148 117 22
87 2 95 216 163 200 167 212 205 196 171 146 175 114 141
42 93 86 161 90 215 202 199 156 173 192 149 142 21 118
3 62 43 92 201 162 157 168 197 170 143 136 145 140 125
44 57 72 85 160 91 198 131 158 155 150 139 126 119 20
61 4 63 58 73 84 159 154 169 130 135 144 137 124 127
56 45 60 71 64 153 74 83 132 151 138 79 128 19 120
5 48 55 52 59 70 67 152 75 80 129 134 123 16 13
46 53 50 7 68 65 76 9 82 133 78 11 14 121 18
49 6 47 54 51 8 69 66 77 10 81 122 17 12 15