4 5 15
223
4.21820001793094
64 95 28 23 62 179 30 21 196 191 32 19 204 189 34
27 24 63 94 29 22 183 194 31 20 203 190 33 18 205
96 65 26 61 178 99 180 197 202 195 192 223 206 35 188
25 60 97 100 93 182 177 184 193 222 201 208 187 224 17
66 101 92 1 98 175 198 181 200 185 -1 221 218 207 36
59 2 67 124 173 126 171 176 213 220 215 186 209 16 217
68 89 102 91 128 123 174 199 170 167 212 219 216 37 142
3 58 121 88 125 172 127 164 159 214 169 166 143 210 15
86 69 90 103 122 129 118 157 168 165 160 211 150 141 38
57 4 87 120 83 110 155 132 163 158 151 144 161 14 147
70 85 56 77 104 119 130 117 156 133 162 149 146 39 140
5 54 71 84 111 82 109 154 131 116 145 152 139 148 13
72 51 78 55 76 105 112 81 108 153 134 115 42 137 40
53 6 49 74 79 8 47 106 113 10 45 138 135 12 43
50 73 52 7 48 75 80 9 46 107 114 11 44 41 136