5 19 25
624
12.746899999910966
147 496 143 38 145 552 567 36 565 570 577 34 625 596 593 32 607 618 517 30 519 612 23 28 25
142 39 146 551 498 37 564 569 576 35 580 571 578 33 622 603 594 31 608 617 516 29 26 521 22
495 148 497 144 553 568 555 566 563 572 575 560 597 624 595 592 621 606 619 518 611 520 613 24 27
40 141 550 499 492 501 548 573 556 581 562 579 586 583 602 623 604 591 616 609 614 515 534 21 522
149 494 155 420 549 554 557 504 547 574 559 582 561 598 587 584 601 620 605 590 537 610 523 514 439
140 41 150 493 500 491 502 451 558 505 546 469 508 585 544 599 526 589 538 615 524 535 440 533 20
151 154 421 156 419 452 405 490 503 468 487 506 545 470 509 588 543 600 525 536 539 530 513 438 441
42 139 152 231 422 399 418 453 450 489 456 467 486 507 542 471 510 527 540 529 512 475 532 19 436
153 232 157 400 355 406 423 404 417 454 449 488 457 466 481 484 541 472 511 476 531 462 437 442 387
138 43 230 233 398 401 362 407 424 403 416 455 448 485 458 465 480 483 528 463 474 477 386 435 18
201 158 235 354 363 356 397 402 375 408 425 394 415 428 447 482 459 464 473 478 461 434 443 388 385
44 137 202 229 234 353 364 361 396 373 376 409 426 393 414 429 446 479 460 433 444 389 384 17 318
159 200 161 236 351 360 357 374 365 346 395 372 377 410 427 392 413 430 445 390 383 432 319 328 321
136 45 228 203 226 237 352 347 358 287 366 341 344 371 378 411 336 391 382 431 334 327 322 317 16
199 160 195 162 279 350 359 238 281 348 345 290 367 340 343 370 379 412 335 326 381 316 329 320 313
46 135 198 227 204 225 280 349 288 239 286 339 342 291 368 337 302 325 380 333 310 323 314 15 260
133 196 117 194 163 278 205 222 275 282 289 240 285 338 303 300 369 332 309 324 315 330 261 312 249
118 47 134 197 130 193 224 277 206 221 274 283 272 299 292 269 304 301 296 331 308 311 250 259 14
79 132 119 116 1 164 129 192 223 276 207 220 241 284 271 298 293 268 305 256 295 262 307 248 251
48 91 80 131 120 115 2 165 128 191 168 273 208 219 242 267 270 297 294 263 306 255 258 13 178
81 78 93 90 99 96 121 114 3 166 125 190 169 108 209 218 243 266 215 254 257 264 179 252 247
92 49 82 97 94 89 100 127 122 113 4 167 124 189 170 107 210 217 244 265 214 253 246 177 12
77 52 75 56 85 98 95 88 103 126 123 112 63 106 109 188 171 66 211 216 245 174 213 180 183
50 57 54 83 74 59 86 101 72 61 104 5 70 111 64 7 68 187 172 9 212 185 182 11 176
53 76 51 58 55 84 73 60 87 102 71 62 105 6 69 110 65 8 67 186 173 10 175 184 181