8 7 25
623
13.089099986245856
108 111 396 41 492 115 398 43 494 117 400 45 554 119 402 47 408 121 140 49 132 123 128 51 130
395 40 109 112 397 42 493 116 399 44 555 118 401 46 609 120 403 48 409 122 139 50 131 124 127
110 107 394 491 114 497 500 515 534 495 562 553 608 621 404 615 610 407 138 141 410 133 126 129 52
39 460 113 498 501 508 503 496 513 550 535 556 561 -1 611 622 405 616 603 582 137 142 411 134 125
106 393 490 459 504 499 514 533 516 557 552 563 624 607 620 605 614 593 406 577 602 581 136 53 144
457 38 461 392 509 502 507 512 551 536 549 560 541 564 623 612 617 604 599 594 583 576 143 412 135
390 105 458 489 464 505 510 1 532 517 558 539 548 619 606 565 598 613 592 601 578 595 580 145 54
37 456 391 462 453 488 465 506 511 2 537 542 559 540 547 618 591 600 597 584 589 572 575 168 413
104 389 304 455 384 463 452 487 468 531 518 3 538 543 566 525 546 585 590 573 596 579 588 55 146
303 36 363 386 451 454 383 466 449 486 469 530 519 4 527 544 567 524 179 586 571 574 167 414 169
332 103 388 305 364 385 450 443 380 467 448 485 472 529 520 5 526 545 568 523 178 587 570 147 56
35 302 333 362 387 382 365 360 427 444 441 470 447 484 473 528 521 6 479 180 569 166 149 170 415
102 331 306 347 334 361 350 381 442 379 428 445 440 471 432 483 474 477 522 7 480 177 416 57 148
301 34 299 330 351 348 335 366 359 426 369 378 429 446 439 476 431 482 421 478 181 8 165 150 171
92 101 326 307 346 329 352 349 370 367 358 425 438 377 430 433 436 475 232 481 164 417 176 9 58
33 300 93 298 327 336 345 320 353 342 371 368 357 424 437 376 289 422 435 420 231 182 163 172 151
94 91 100 325 308 279 328 337 344 319 354 341 372 313 356 423 434 375 266 233 418 175 202 59 10
89 32 297 280 257 324 309 318 321 338 343 314 355 340 373 290 269 288 419 230 203 162 183 152 173
80 95 90 99 296 281 278 323 310 317 284 339 312 315 270 287 374 265 234 267 228 201 174 11 60
31 88 81 258 245 256 295 282 277 322 311 316 271 286 291 264 235 268 229 204 207 192 161 184 153
82 79 96 87 98 259 248 253 294 283 276 285 292 263 272 225 214 205 208 227 200 189 194 61 12
75 30 83 244 249 246 255 260 275 252 293 262 273 224 213 236 219 226 199 206 193 160 191 154 185
78 27 76 97 86 241 250 247 254 261 274 223 212 237 220 215 198 209 218 159 190 195 188 13 62
29 74 25 84 243 72 23 240 251 70 21 238 221 68 19 210 217 66 17 196 157 64 15 186 155
26 77 28 73 24 85 242 71 22 239 222 69 20 211 216 67 18 197 158 65 16 187 156 63 14