1 7 25
624
12.539799994556233
449 522 453 48 455 532 527 46 457 546 539 44 459 580 549 42 461 624 597 40 463 618 33 38 35
452 49 450 523 528 47 456 533 538 45 458 557 548 43 460 623 596 41 462 619 608 39 36 465 32
519 448 521 454 517 534 531 526 545 542 547 540 579 594 581 550 625 620 611 598 617 464 609 34 37
50 451 518 529 524 501 516 535 504 537 556 543 558 551 622 595 582 613 616 607 610 599 602 31 466
265 520 447 500 441 530 525 502 515 544 541 552 593 578 569 614 621 588 583 612 603 606 467 600 401
252 51 266 443 446 499 440 505 536 503 514 555 562 559 592 577 568 615 604 589 584 601 402 469 30
1 264 253 386 439 442 445 498 437 506 553 484 513 570 563 560 591 576 587 566 605 468 585 400 403
52 251 240 267 444 387 438 383 434 497 482 507 554 561 512 571 564 567 590 575 586 421 470 29 398
239 2 263 254 385 268 369 388 481 436 485 496 483 508 491 494 511 572 565 422 471 574 399 404 335
244 53 250 241 262 255 384 435 382 433 480 415 486 495 478 509 490 493 472 573 420 423 334 397 28
3 238 243 256 249 370 269 368 389 412 381 432 479 416 487 492 477 510 489 426 473 396 405 336 333
54 245 168 237 242 261 310 371 308 365 390 411 414 431 476 417 488 427 474 419 424 357 344 27 346
167 4 235 246 257 248 367 270 311 372 413 380 391 410 377 430 475 418 425 428 395 406 347 332 337
184 55 182 169 236 271 260 309 366 307 364 373 320 379 392 409 376 429 394 407 356 343 358 345 26
5 166 185 234 247 258 229 280 301 312 321 304 363 374 353 378 393 408 355 342 359 348 331 338 289
56 183 170 181 228 231 272 259 306 281 302 313 322 319 362 375 354 341 360 349 330 339 290 25 208
127 6 165 186 233 180 227 230 279 300 305 282 303 352 323 318 361 350 327 340 291 218 209 288 211
112 57 128 171 164 187 232 273 226 177 278 299 314 283 296 351 324 317 292 329 326 287 212 207 24
7 126 113 110 129 172 179 188 175 274 225 198 277 298 315 284 295 328 325 286 217 204 219 210 147
58 111 80 125 116 163 130 173 178 189 176 275 224 199 192 297 316 285 202 293 220 213 148 23 206
81 8 71 114 109 124 117 162 131 174 197 190 159 276 223 200 153 294 221 216 203 138 205 146 97
70 59 82 79 72 115 108 123 118 161 132 157 196 191 134 193 222 201 136 143 214 149 96 139 22
9 62 69 66 83 78 75 86 107 122 119 160 133 158 195 154 135 152 215 150 137 142 145 98 95
60 67 64 11 76 73 84 13 120 87 106 15 156 89 104 17 194 91 102 19 144 93 100 21 140
63 10 61 68 65 12 77 74 85 14 121 88 105 16 155 90 103 18 151 92 101 20 141 94 99